Operations.java: 
	getByte: 5.0/5.0
	setNibble: 5.0/5.0
	pack: 5.0/5.0
	bitRange: 5.0/5.0
	xor: 5.0/5.0
	multipleOf2: 5.0/5.0
	multipleOf16: 5.0/5.0
	powerOf2: 4.545454545454545/5.0
		[fail] Failed test case for method powerOf2. Arguments [-2147483648]; Expected return value: false; Actual: true
Final Grade: 39.54545454545455/40.0
